0.003917260525325609 3.726611226611227
0.0022614446618570245 3.581081081081081
0.0013484180624978117 3.45010395010395
0.0009450147703766811 3.3191268191268195
0.0007180262982227182 3.1517671517671517
0.0007911259205671134 2.9844074844074844
0.0011288378916846907 2.875259875259875
0.0017182554073112458 2.766112266112266
0.0027013381211330105 2.7588357588357586
0.004911657446118714 2.751559251559252
0.010667684810029025 2.7733887733887737
0.023930257311804995 2.766112266112266
0.04281332398719392 2.8097713097713095
0.06516810428481995 2.867983367983368
0.08858667904100832 2.940748440748441